Dynare version: 0.9.12
2024-05-26T11:05:48.787: Starting @dynare CKml.mod
["CKml.mod", "language=julia", "json=compute"]
Dynare preprocessor version: 6.4.0+0
2024-05-26T11:05:48.793: End of preprocessing
2024-05-26T11:05:48.797: Start parse_statements!
  Steady state

────────┬─────────
   y    │ 1.00511
      c │  0.7689
      k │  9.4495
      n │  0.3333
 invest │  0.2362
     z1 │     0.0
     z2 │     0.0
    MUC │  1.6916
    MUL │  3.4174
      r │  0.0351
      w │  2.0203
────────┴─────────

  Coefficients of approximate solution function (reduced form)

───────┬────────────────────────────────────────────────────────────────────────────────────────────
       │   y_t      c_t      k_t      n_t    invest_t  z1_t  z2_t    MUC_t   MUL_t      r_t     w_t
────────────────────────────────────────────────────────────────────────────────────────────────────
  ϕ(k) │ -0.0176   0.0233   0.9341  -0.0261   -0.0409   0.0   0.0  -0.1027     0.0  -0.0043  0.1227
 ϕ(z1) │  1.7647    0.184   1.5807   0.4257    1.5807   0.9   0.0  -0.8095    -0.0   0.0616  0.9668
 ϕ(z2) │ -1.1371  -0.0549  -1.0822  -0.5628   -1.0822   0.0   0.7   0.2415  2.3922  -0.0397  1.1257
  e1_t │  0.0392   0.0041   0.0351   0.0095    0.0351  0.02   0.0   -0.018     0.0   0.0014  0.0215
  e2_t │ -0.0162  -0.0008  -0.0155   -0.008   -0.0155   0.0  0.01   0.0035  0.0342  -0.0006  0.0161
───────┴────────────────────────────────────────────────────────────────────────────────────────────

  Note: ϕ(x) = x_{t-1} - steady_state(x)

  THEORETICAL MOMENTS

──────────┬─────────────────────────────
 VARIABLE │  MEAN   STD. DEV.  VARIANCE
────────────────────────────────────────
        y │ 1.0051     0.0856    0.0073
        c │ 0.7689     0.0249    0.0006
        k │ 9.4495     0.7786    0.6062
        n │ 0.3333     0.0217    0.0005
   invest │ 0.2362       0.07    0.0049
       z1 │    0.0     0.0459    0.0021
       z2 │    0.0      0.014    0.0002
      MUC │ 1.6916     0.1097     0.012
      MUL │ 3.4174     0.0479    0.0023
        r │ 0.0351      0.003       0.0
        w │ 2.0203     0.1316    0.0173
──────────┴─────────────────────────────

  VARIANCE DECOMPOSITION (in percent)

──────────┬────────────────
 VARIABLE │   e1      e2
───────────────────────────
        y │ 0.9334  0.0666
        c │  0.979   0.021
        k │  0.971   0.029
        n │  0.759   0.241
   invest │ 0.9142  0.0858
       z1 │    1.0     0.0
       z2 │    0.0     1.0
      MUC │  0.979   0.021
      MUL │    0.0     1.0
        r │ 0.9282  0.0718
        w │ 0.9694  0.0306
──────────┴────────────────

  CORRELATION MATRIX

────────┬───────────────────────────────────────────────────────────────────────────────────────────────────
        │    y        c        k        n     invest     z1       z2       MUC      MUL       r        w
────────────────────────────────────────────────────────────────────────────────────────────────────────────
      y │     1.0   0.7144   0.5451   0.6532   0.9685   0.9578  -0.2568  -0.7144  -0.2568   0.5381   0.6557
      c │  0.7144      1.0   0.9745  -0.0432   0.5175   0.8027  -0.0851     -1.0  -0.0851  -0.2039   0.9768
      k │  0.5451   0.9745      1.0  -0.2407   0.3196   0.6497  -0.0803  -0.9745  -0.0803  -0.4133   0.9525
      n │  0.6532  -0.0432  -0.2407      1.0   0.8141   0.4543  -0.4673   0.0432  -0.4673   0.9519  -0.1435
 invest │  0.9685   0.5175   0.3196   0.8141      1.0   0.8854  -0.2837  -0.5175  -0.2837   0.7307    0.454
     z1 │  0.9578   0.8027   0.6497   0.4543   0.8854      1.0      0.0  -0.8027      0.0   0.3868   0.7988
     z2 │ -0.2568  -0.0851  -0.0803  -0.4673  -0.2837      0.0      1.0   0.0851      1.0  -0.1997   0.1303
    MUC │ -0.7144     -1.0  -0.9745   0.0432  -0.5175  -0.8027   0.0851      1.0   0.0851   0.2039  -0.9768
    MUL │ -0.2568  -0.0851  -0.0803  -0.4673  -0.2837      0.0      1.0   0.0851      1.0  -0.1997   0.1303
      r │  0.5381  -0.2039  -0.4133   0.9519   0.7307   0.3868  -0.1997   0.2039  -0.1997      1.0  -0.2458
      w │  0.6557   0.9768   0.9525  -0.1435    0.454   0.7988   0.1303  -0.9768   0.1303  -0.2458      1.0
────────┴───────────────────────────────────────────────────────────────────────────────────────────────────

  AUTOCORRELATION COEFFICIENTS

────────┬────────────────────────────────────────
        │   1       2       3       4       5
─────────────────────────────────────────────────
      y │ 0.8668  0.7526  0.6539  0.5684  0.4939
      c │ 0.9852  0.9662  0.9436  0.9184  0.8911
      k │ 0.9962  0.9861  0.9709  0.9516  0.9289
      n │ 0.8055  0.6504  0.5254  0.4237  0.3401
 invest │ 0.8335  0.6929  0.5734  0.4716  0.3846
     z1 │    0.9    0.81   0.729  0.6561  0.5905
     z2 │    0.7    0.49   0.343  0.2401  0.1681
    MUC │ 0.9852  0.9662  0.9436  0.9184  0.8911
    MUL │    0.7    0.49   0.343  0.2401  0.1681
      r │ 0.8574  0.7356   0.631  0.5406  0.4624
      w │ 0.9761  0.9511  0.9249  0.8975  0.8692
────────┴────────────────────────────────────────

 * Status: success

 * Candidate solution
    Final objective value:     -1.230593e+03

 * Found with
    Algorithm:     BFGS

 * Convergence measures
    |x - x'|               = 1.14e-02 ≰ 0.0e+00
    |x - x'|/|x'|          = 4.10e-03 ≰ 0.0e+00
    |f(x) - f(x')|         = 7.68e-04 ≰ 0.0e+00
    |f(x) - f(x')|/|f(x')| = 6.24e-07 ≤ 1.0e-05
    |g(x)|                 = 3.48e-01 ≰ 1.0e-08

 * Work counters
    Seconds run:   0  (vs limit Inf)
    Iterations:    16
    f(x) calls:    54
    ∇f(x) calls:   54

  Posterior mode

───────────┬──────────────────────────────────────────────────────────
 Parameter │ Estimated value  Standard error  80% confidence interval
──────────────────────────────────────────────────────────────────────
     betta │          0.9923          0.0022         0.9894 .. 0.9952
       gam │          1.8895          0.2858         1.5237 .. 2.2554
      rho1 │          0.9075          0.0368         0.8604 .. 0.9547
    sigma1 │          0.0089          0.0032          0.0048 .. 0.013
      rho2 │          0.6908          0.0367         0.6438 .. 0.7377
    sigma2 │            0.02          0.0014         0.0182 .. 0.0219
       nss │          0.3313          0.0017         0.3291 .. 0.3335
───────────┴──────────────────────────────────────────────────────────

2024-05-26T11:05:49.438: End parse_statements!
2024-05-26T11:05:49.438: End parser
