dsgedata = [
1.0807180999115995	0.7958216842143362	0.34462832931812704	0.03450821344067994	2.1010465855038816
1.0274404037940403	0.791869712083442	0.32846346547364225	0.03274414098719002	2.0957682968058258
1.0467362580889032	0.7925338390183663	0.3366008923647245	0.033423215581756385	2.083510809047585
1.0777843971804364	0.7935395591750277	0.35310381219271164	0.03440659476162212	2.0450487528329986
1.0811921892831786	0.7959697468275574	0.34635598392363276	0.03444465808895623	2.0914840232157825
0.9996782710108971	0.7918145785102513	0.31201121496851697	0.03181646942130322	2.146668333168764
1.0093496221396876	0.7904299489153747	0.3200504609718224	0.03226871764446347	2.112990567489793
0.9861817962996401	0.7874423881063034	0.3139485846949261	0.03165432981902294	2.1046188666807573
1.015637452417158	0.78857276733893	0.32400126702011744	0.03276971831276847	2.100226868088364
1.0044823684624047	0.7880598287555786	0.3162283190742637	0.032513074216544625	2.128218837916428
0.9812978569855788	0.784739613470175	0.31153252192978514	0.03188652983842574	2.110438566504089
0.9970595318198788	0.7847668499394891	0.3171770097261947	0.032572444651641594	2.106173099729868
0.9539335161262199	0.7797711516749474	0.3057345040633336	0.03130032746919564	2.090496766394401
1.0283744972151634	0.7831805866783954	0.3353659332294037	0.033958081295915134	2.054500248546831
1.0145844110890483	0.781777277956826	0.3316421048437374	0.033522589039548	2.049710221382441
1.0592490711966946	0.7843177227508128	0.34984283226274276	0.03503478599428134	2.0286134367207267
1.0439148222767114	0.7837443193534789	0.3440057486229751	0.034448161032995146	2.0331691574501174
1.0250607956718336	0.7821695532070859	0.33886910362869316	0.03379762675474182	2.026710968702795
0.9937615153266969	0.7792752172766525	0.32923026532903	0.03280006263333428	2.0223514219169916
0.9521174243594409	0.776941767519314	0.30735451785611345	0.03156809686812924	2.075518195879951
1.0110341437525996	0.779073130631842	0.33246926348327793	0.03373183511276637	2.037457206187935
1.0043450284495687	0.7791218203331103	0.32619358451780256	0.03357053983633446	2.062917825858281
0.9846027395132789	0.7777986657123541	0.31644979612088325	0.03299633753972572	2.084640185756261
0.9311090640382333	0.773505178577204	0.29478891100581883	0.031358378080199936	2.1162432830181994
0.9668803704909448	0.7728196666463936	0.3146103113463099	0.03281870977120101	2.0590867782174054
0.9665162701883445	0.7728588168814452	0.3099542678592587	0.03297930916041755	2.089232159794063
0.9665622095914624	0.7716448577376721	0.3109673283858576	0.033141692683651566	2.082524291662277
0.9195848701269144	0.767341209716746	0.2929009179031525	0.03170452530195281	2.1035198762976797
0.9315212304829021	0.7656078735156687	0.3007733672176161	0.032392307414379456	2.075051514489721
0.9648749679235458	0.7674790037884356	0.30973593507450514	0.033792232493327586	2.087153125111899
0.9681744569972603	0.7682303886788137	0.30555095475566846	0.034053167901032085	2.1229748954965406
0.9439036883942645	0.7646086630202621	0.3010796478549997	0.03332434740297228	2.100492112960129
0.9741472086154523	0.7657382189546198	0.3123495220371322	0.03457536110425524	2.089577295033798
1.0061187174182298	0.767373935084966	0.3252754854028211	0.03578490209441846	2.0723933548900733
1.0184600755163233	0.7682020438675639	0.3308544546590666	0.03619079333569347	2.06243962284746
0.981086488268968	0.7637018853381853	0.3261233715331262	0.03479481127404591	2.0155784432905657
1.051522187175052	0.7674776692140867	0.358370274491296	0.03731411145833414	1.9658986949335988
1.030679559914798	0.7664895790088248	0.35280521588930097	0.03637778582798388	1.9573260385667526
1.0601871934237164	0.7686660652806786	0.36727156222049406	0.03728243875544087	1.9340584815647681
1.0221645803940556	0.768435450186655	0.34581141112516633	0.03575545583564056	1.980413865358288
1.072129868136741	0.7722135498995714	0.36615603805998065	0.03741152462268604	1.9618050140114867
1.0355399285918816	0.771740777657688	0.3477986872381299	0.0359167293399441	1.9948646578502662
1.0746276711101963	0.7753533620791108	0.3614578190513487	0.03715909626733223	1.991935229045523
1.0651417986994043	0.7762670873499169	0.3560494998661551	0.0366074570573603	2.004341801140045
1.041181696359402	0.7777589880663666	0.336629049285156	0.03563308257571929	2.07228379912752
1.0169823297780276	0.7775000870576625	0.32307743573757347	0.03474533467965432	2.109021963877357
0.9874914079338556	0.7763565569752758	0.3078726971662058	0.03376812258027847	2.1489998038679325
1.0812055978926587	0.7796809106449953	0.3549302831931131	0.03701977450995064	2.0409865746898497
1.0411081447372146	0.779157774090837	0.33479847006523156	0.03545271294411924	2.083467346635454
1.0468086444553362	0.7785168787883583	0.3435162407674782	0.03556196921892094	2.0417123917801083
0.9815173246145217	0.7752064407409635	0.3150795286240491	0.03329460578276627	2.087143975825948
0.9578489488426432	0.7726184948497993	0.3066869099279467	0.03262504697767491	2.0925539735524863
0.9102808983587766	0.7681567489066871	0.2879919106079968	0.03121278049303897	2.117724585483888
0.9563498253134808	0.7687938123565696	0.3083722511479676	0.0330935133916576	2.077861229998726
0.9424933917025107	0.7672058290628813	0.30115696315877477	0.032797560618452626	2.0968166405206685
0.974994852365638	0.7660601839369023	0.32320023886318466	0.03411219591995699	2.0211799089101325
0.9659431875834799	0.7639824055522253	0.32348643169852903	0.03388775498442396	2.0006440269029184
0.9305418277194323	0.7613894427948024	0.3066286985203629	0.03278248282624383	2.0332850603819512
0.9548216789012763	0.762828673816019	0.3118245133294381	0.03386528702100477	2.051572283465921
0.9958040314292704	0.7656493687520808	0.3246720684678973	0.03545735445965796	2.0549601490691276
0.9307493594984184	0.7609811315532095	0.2992271388366998	0.03317856207122651	2.0840414313501303
0.9108516017183066	0.7588965161217477	0.288899845292363	0.03270008526153271	2.112383063515065
0.8501986614011184	0.7524892763551362	0.26659005028270855	0.030812928942705445	2.136647218426861
0.8662062956213887	0.7499434256571448	0.276453363139192	0.03182018363602469	2.099276475907039
0.9126767988595127	0.7490298432517498	0.30306926273364926	0.03388443398289512	2.0176743467189397
0.8544781737913845	0.74444245648795	0.27582261299056243	0.031971100224917996	2.0755957262613167
0.9569465399192325	0.7473069907199726	0.3269899215113594	0.03617316517431104	1.9607674129372838
0.9414371699829545	0.7461961380535134	0.31972580442045856	0.03562928528459065	1.9728198318862753
0.9464762521424187	0.7453475231332385	0.3250643682321963	0.03590326667163676	1.9508041654157202
0.9443399347569303	0.7454096781401393	0.32168158849535805	0.03589350756258789	1.9668711133663983
0.9748712222586452	0.7471563223119346	0.33470506870891725	0.037115160901817885	1.9514520238031792
0.982905992139524	0.7482317214059082	0.3368664562922928	0.037371413992583875	1.954912144603575
0.9715697314958338	0.7478135233284879	0.3321184856774823	0.036869605149682294	1.9599916370452053
1.010220461525429	0.7503552597705371	0.3498735950194054	0.03828802852406015	1.9345430968700306
0.9616130906972813	0.7499968462379188	0.3198028189587862	0.0363082941195353	2.014616562249255
0.948348309871311	0.7486559498797172	0.315476643272253	0.035838934696692935	2.0140732001254085
0.9454163536625333	0.7481824116618727	0.3137166053343607	0.03580542173489477	2.019111509789103
1.015167212406653	0.7520421606420925	0.345295272115046	0.03849853510760748	1.9697941874727491
1.0275039084608057	0.754771206902128	0.3461725951799	0.03876617074512479	1.9886793194827843
0.9959374770073169	0.7550694447650237	0.3271696062870168	0.03736977338385859	2.0395453877803504
0.9853538904925159	0.75419384226943	0.3254724473554428	0.03688507400855356	2.028393995298735
0.9880152273318221	0.752857601759882	0.3344492443543421	0.0369237671515564	1.979280892383087
1.0193434098319216	0.7544997076995574	0.3514978151414363	0.03801148894765604	1.9429977538312164
